8.2917395362
1.0
0.0
4.99698700018
1.0
0.0
6.40710660427
1.0
0.0
3.68080183608
1.0
0.0
6.1626636942
1.0
0.0
8.84949190993
1.0
0.0
9.36559579798
1.0
0.0
9.71660429773
1.0
0.0
11.2011433605
1.0
0.0
------------------------------------------------
7.97372250306
1.0
0.0
4.94136772393
1.0
0.0
6.31393137095
1.0
0.0
2.85607874857
1.0
0.0
6.05060337927
1.0
0.0
8.66266440181
1.0
0.0
8.99106578068
1.0
0.0
9.49191822305
1.0
0.0
10.9581350342
1.0
0.0
8.25686418188
1.0
0.0
6.8938466487
1.0
0.0
7.47088063734
1.0
0.0
8.15695545623
1.0
0.0
6.49622262569
1.0
0.0
6.59595703702
1.0
0.0
8.31890215353
1.0
0.0
7.03761062797
1.0
0.0
7.6762032557
1.0
0.0
6.94504038946
1.0
0.0
8.35848896258
1.0
0.0
6.08275744899
1.0
0.0
9.25252495844
1.0
0.0
5.98412744939
1.0
0.0
10.6227963946
1.0
0.0
8.42678367513
1.0
0.0
5.15625181984
1.0
0.0
10.5064910548
1.0
0.0
6.14197767862
1.0
0.0
4.95868282307
1.0
0.0
8.66542380477
1.0
0.0
7.06252450981
1.0
0.0
7.60167366165
1.0
0.0
7.8435470069
1.0
0.0
5.44560725082
1.0
0.0
7.1813705438
1.0
0.0
1.51898600574
1.0
0.0
6.41728549037
1.0
0.0
8.91372390949
1.0
0.0
------------------------------------------------
3.4453459896
1.0
0.0
4.36262199817
1.0
0.0
5.28866845665
1.0
0.0
1.5197363848
1.0
0.0
4.46249064424
1.0
0.0
6.35567979553
1.0
0.0
3.68633852986
1.0
0.0
6.52021274018
1.0
0.0
7.76779168064
1.0
0.0
6.55700142629
1.0
0.0
1.96838563555
1.0
0.0
5.61163594187
1.0
0.0
5.27256014821
1.0
0.0
5.51397443259
1.0
0.0
2.91659368831
1.0
0.0
4.80485365053
1.0
0.0
5.83428030427
1.0
0.0
5.44846248163
1.0
0.0
4.9672623829
1.0
0.0
6.72131837711
1.0
0.0
4.08651692599
1.0
0.0
6.57773355421
1.0
0.0
3.08248892796
1.0
0.0
8.17472233894
1.0
0.0
4.99942419219
1.0
0.0
4.53172169699
1.0
0.0
4.71411374864
1.0
0.0
1.52416258906
1.0
0.0
1.52449780288
1.0
0.0
6.44378127669
1.0
0.0
5.99185300193
1.0
0.0
5.91894304621
1.0
0.0
5.76424612992
1.0
0.0
4.75740746301
1.0
0.0
5.792276286
1.0
0.0
1.51898600574
1.0
0.0
4.28379560424
1.0
0.0
6.60095283614
1.0
0.0
3.05280190794
1.0
0.0
4.78658352141
1.0
0.0
4.94267438078
1.0
0.0
1.52349697583
1.0
0.0
5.23331649394
1.0
0.0
4.09386857186
1.0
0.0
1.51285379415
1.0
0.0
5.55155755884
1.0
0.0
5.2546901797
1.0
0.0
3.87314684269
1.0
0.0
6.66140821235
1.0
0.0
6.32090299849
1.0
0.0
1.52223549981
1.0
0.0
5.44285570957
1.0
0.0
5.02012992437
1.0
0.0
4.96857912774
1.0
0.0
6.33602345988
1.0
0.0
1.52553538126
1.0
0.0
5.99225833326
1.0
0.0
1.52108889113
1.0
0.0
6.68617140238
1.0
0.0
5.39277403712
1.0
0.0
5.85555185318
1.0
0.0
5.14424874651
1.0
0.0
1.51002674486
1.0
0.0
4.45610321558
1.0
0.0
5.0880222991
1.0
0.0
6.36554877989
1.0
0.0
2.5831497281
1.0
0.0
5.6365735363
1.0
0.0
4.98818877861
1.0
0.0
6.24323884952
1.0
0.0
7.28984642418
1.0
0.0
3.71151763454
1.0
0.0
6.2094898146
1.0
0.0
1.51899697131
1.0
0.0
3.10855481891
1.0
0.0
5.55493769142
1.0
0.0
3.99225660174
1.0
0.0
4.71379794829
1.0
0.0
4.38502950546
1.0
0.0
3.32264818114
1.0
0.0
5.65934816393
1.0
0.0
3.30180856385
1.0
0.0
5.53910696019
1.0
0.0
1.51743734095
1.0
0.0
5.74413915159
1.0
0.0
5.18682643631
1.0
0.0
